0000 1001 0000 1000 0000 0111 0000 0110 0000 0101 0000  0100  0000  0011  0000 0010  0000  0001
0000 1001 0000 1000 0000 0111 0000 0110 0000 0101 XXXX XXXX XXXX XXXX XXXX XXXX XXXX XXXX

000000010000000000000000000000000000001100000000000000000000000000000010
00000000000000000000000000000001
00000000000000000000000000000010
00000000000000000000000000000011
000000000000000000000000000000000000000000000000000000000000000000000000
00000000000000000000000000000000000000000000000000000000000000000000000000000000000000000000000000000000000000000000000000000000000000000000000000000000000000000000000000000000000000000000000000000001
00000000000000000000000000000000000000000000000000000000000000000000000000000000000000000000000000000000000000000000000000000000000000000000000000000000000000000000001000000000000000000000000000000001
00000000000000000000000000000000000000000000000000000000000000000000000000000000000000000000000000000000000000000000000000000000000000110000000000000000000000000000001000000000000000000000000000000001

///

0000.0000.0000.0000.0000.0000.0000.0001
0000.0000.0000.0000.0000.0000.0000.0010
0000.0000.0000.0000.0000.0000.0000.0011
0000.0000.0000.0000.0000.0000.0000.0100
0000.0000.0000.0000.0000.0000.0000.0101
0000.0000.0000.0000.0000.0000.0000.0110
0000.0111